2147483647C
1629872 730
2370 1
2370 1
2370 1
2370 1
2370 1
2370 1
2370 1
2370 1
2370 1
2370 1
2370 1
2370 1
2370 1
2370 1
2370 1
2370 1
2370 1
2370 1
2370 1
2370 1
2370 1
2370 1
2370 1
2370 1
2370 1
2370 1
2370 1
2370 1
2370 1
2370 1
2370 1
2370 1
2370 1
2370 1
2370 1
2370 1
2370 1
2370 1
2370 1
2370 1
2370 1
2370 1
2370 1
2370 1
2370 1
2370 1
3054 1
2370 1
2370 1
2370 1
2370 1
2370 1
2370 1
2370 1
2370 1
2370 1
2370 1
2370 1
2370 1
2370 1
2370 1
2370 1
2370 1
2370 1
2370 1
2370 1
2370 1
2370 1
2370 1
2370 1
2370 1
2370 1
2370 1
2370 1
2370 1
2370 1
2370 1
2370 1
2370 1
2370 1
2370 1
2370 1
2370 1
2370 1
2370 1
2370 1
3319 1
2370 1
2370 1
2370 1
2370 1
2370 1
2370 1
2370 1
2370 1
2370 1
2370 1
2370 1
2370 1
2370 1
2370 1
2370 1
2370 1
2370 1
2370 1
2370 1
2370 1
2370 1
2370 1
2370 1
2370 1
2370 1
2370 1
2370 1
3522 1
2370 1
2370 1
2370 1
2370 1
2370 1
2370 1
2370 1
2370 1
2370 1
2370 1
2370 1
2370 1
2370 1
2370 1
2370 1
2370 1
2370 1
2370 1
2370 1
2370 1
2370 1
2370 1
2370 1
2370 1
2370 1
2370 1
2370 1
2370 1
2370 1
2370 1
2370 1
2370 1
2370 1
2370 1
2370 1
2370 1
2370 1
2370 1
2370 1
2370 1
2370 1
2370 1
2370 1
2370 1
2370 1
2370 1
2370 1
2370 1
2370 1
2370 1
2370 1
2370 1
2370 1
2370 1
2370 1
2370 1
2370 1
2370 1
2370 1
3740 1
2370 1
2370 1
2370 1
2370 1
2370 1
2370 1
2370 1
2370 1
2370 1
2370 1
2370 1
2370 1
2370 1
2370 1
2370 1
2370 1
2370 1
2370 1
2370 1
2370 1
2370 1
2370 1
2370 1
2370 1
2370 1
2370 1
2370 1
2370 1
2370 1
2370 1
2370 1
2370 1
2370 1
2370 1
2370 1
2370 1
2370 1
2370 1
2370 1
2370 1
2370 1
2370 1
2370 1
2370 1
2370 1
2370 1
2370 1
2370 1
2370 1
2370 1
2370 1
2370 1
2370 1
2370 1
2370 1
2370 1
2370 1
2370 1
2370 1
2370 1
2370 1
2370 1
2370 1
2370 1
2370 1
2370 1
2370 1
2370 1
2370 1
2370 1
2370 1
2370 1
2370 1
2370 1
2370 1
2370 1
2370 1
2370 1
2370 1
2370 1
2370 1
2370 1
2370 1
2370 1
2370 1
2370 1
2370 1
2370 1
2370 1
2370 1
2370 1
2370 1
2370 1
2370 1
2370 1
2370 1
2370 1
2370 1
2370 1
2370 1
2370 1
2370 1
2370 1
2370 1
2370 1
2370 1
2370 1
2370 1
2370 1
2370 1
2370 1
2370 1
2370 1
2370 1
2370 1
2370 1
